8563049426
9523919445
7840725361
4762840142
4926932723
1577394350
5737189839
1709642461
5085987236
4647108635
3013624218
9848210507
7937243055
8719450803
9890648245
6737715267
7554782225
6296296865
7739431812
3161001990
4965808022
9903723549
8892304767
7208833983
7824598491
6293064373
7806011113
4297159326
3439858373
7731884940
1865407863
3933396713
6965006516
2033480969
8222837171
4385469889
3996450089
8514214361
6960653504
2154769697
1066559903
3178061394
8314627140
8502058623
1062822809
7015603277
2996467888
9262366756
1565349167
6197773927
4757617004
7235561261
6336488412
2916888941
5694363445
8570806232
1057770915
8122532819
9630879379
1909019482
4066131201
4236272768
3414316294
6875395380
1299004694
2945197593
7829573885
4276007945
8002516773
8322058094
6486166088
7161026751
5043106126
9915073970
9379813444
5133348933
1610267189
1133750353
6940638865
4347587967
1975154535
8660964434
9972230918
8527065810
2971759662
3523447637
2110156769
1615932082
1345105680
9656522382
1915365550
8905804635
3603489904
9599447482
9673312143
8307026429
8000870095
4543587468
1689974138
4132292913
1573242592
9728361976
6324810894
9685331564
5376773675
4677966721
3990813668
1484176540
1904846769
4121992190
9226714766
4948922019
5308705747
6406450648
6347018892
4283001305
5999127772
6057447291
6267563379
2991890993
2109261798
1488660668
8705586485
1555883774
2846195680
1536951391
5941184806
2578334325
8539461015
8573226788
5376199869
5188930246
5087371017
5872766767
6531791056
1310773806
9944984331
5823861120
3987065583
2742910730
5833436895
5704499382
5411016733
2156474447
1479550432
9907766896
1847097937
6986769390
4970778323
4443614977
4700097895
6782045873
4105649551
1000467354
3643839267
6877040281
8559839657
9801358641
8988736182
4951463200
5590688004
8991177151
9568235573
2637609087
3346574439
1062769148
1853856891
9291381411
8582736312
7150419036
4653511809
8724486362
1157286086
7165295826
6189480674
1510883531
1536492730
4190242639
6423389370
4248254074
1363411066
1129178934
3531086550
4900051596
1486710412
3525044052
4527692631
1562708934
4812004631
9065696175
1728932494
1849325281
3577914518
7489562140
8990319034
2856504947
3723013560
8741106019
5976874650
7147409196
3058028815
9500669402
1262527053
1250144236
1748275698
6246384355
5615854559
9161315476
5751066458
3230835845
2426845799
9927874020
3234723302
3696300511
3192195009
3083564735
9618213450
3914691542
6964033472
3811375232
9482462419
1137716013
6325258880
6853331265
2775412065
1111105317
7011395384
9458332012
1302490981
6487547786
5138502998
6754055942
4762677438
9199616423
2016669959
3774601125
1807430292
2811870150
4579004076
4056700138
5862953621
8329143095
1113463883
1999457881
3449261877
1371347677
4142406897
6495330788
1655712736
3353629655
7089448068
3814483378
1398729656
7724221172
1568451301
2946339012
5738552462
6972774041
4435076534
8068735909
1255412665
7584463134
1350960997
1766735158
5245560811
6450580242
5807641086
5966223275
1222173701
8342289065
6889991709
5266763611
1858276368
4495655355
7897212419
8994192197
6565320161
1775014494
1998195199
5165609381
5328665098
4402286243
2973183068
1901780825
3918723784
3783370694
1867752814
1010993145
8270434998
9456075154
1069742621
2068575724
4703641505
8799097474
1723245929
6400870432
lovebanker
3797586697
9149058681
6615454559
7482144485
2930878542
2009374076
9120489107
5986048489
2071258026
1967610467
2320577309
3738652765
2974799340
6868117968
3751979287
1276681548
7394285763
5436165680
7226066570
1418011250
6010051279
3883566432
9011592588
2622823762
4271815381
4305091271
5806006550
8430384896
6452840042
1914448950
1671758990
4459819799
8193490408
2314498984
2670189654
9817783052
3780254320
3354949266
7308273957
2087189454
3380903393
4823374089
6150587912
6210529809
7712965754
2430848548
2476000610
1402303779
3526411491
1695567855
1807116208
4545129398
3785347350
5871469332
7616810171
2033323675
2246210292
3029188436
6038947152
3512777414
2053800046
5463582673
7796000386
7148362513
9875432445
4501038384
8701765948
1145623909
1051103423
3410497567
1989059787
6511280301
3649511594
6887001227
3406579236
4541466625
8690352703
6433415512
2831320950
9638655585
7135217669
7874790501
6259083325
1585771161
2927453298
8419278185
7478478668
1334109740
2850120314
9561242125
7218499342
2271895909
8527901953
7139878610
1478172064
4090759215
4716690493
3820492979
4984756205
8834559893
6576825256
5739938713
1310101721
5789756192
7179196806
4286834398
9484753008
6923219017
lostyamato
8851534608
1936721821
8437589133
3926991851
6761560680
4988247226
1281736026
8474873070
5196285640
2502331689
4984498373
1760302426
1897369965
4666845771
1275041225
7045739885
3578158086
7150196842
3074701410
8980038138
4894551056
8547149899
8573542546
5279649593
9682708903
6573392864
9328336385
5304023061
4930835910
1802502563
6042418946
4343256990
3929393749
7800152606
8065334458
6020262075
1287441009
2317027188
3826562538
6433621042
9665307486
3713835783
8671399704
6125018361
1391980747
6371231277
9773419890
4945302003
1932800070
1097929790
3541063745
6588684783
8015087566
3557932155
2825949819
1512008895
4472502133
6008449945
1303733497
4138032518
4522742712
1409800494
8549626860
3391597504
4964008099
1651165096
8495470056
7396675048
9186841777
3619145375
6482351153
6752035801
1121086685
1570829402
8399222381
5235937171
8001931292
9374605328
3084809823
8672177930
6050921789
9563631162
8836074803
1496432662
1129080047
9838646552
2300103406
6570622899
7488058428
1043335555
6578169255
1900527276
7635176501
1301974231
4984746300
9327197229
1602639746
8124113038
7385485207
2670878595
2267532585
9086045991
1625199431
6608109398
1425131473
1327075895
3801760023
5667087571
7895471223
1731056958
6486072855
9451791037
8576493754
1903723765
3423518055
8852685911
7595706202
4793578429
6838543563
3875230523
8882915552
3531300281
7957374983
9776328255
6327960374
5052838345
3150370447
6843906380
5433962601
8793489996
9408526934
5516155250
1901596372
6041650955
3268896423
5549770345
8196242586
7441331248
9195661481
5983155718
8445699825
2678518157
3520218880
1634393659
1406047955
2284243301
2746912094
7794967133
3283959868
8740372477
2654557666
8455187005
4689505004
1048415754
8179478008
7544017627
8699529126
6506813818
1563319079
6254256737
7156208549
8476469579
1400792927
2632281068
4262682502
1663678627
9857507671
1185227883
5599104319
1269360297
9264112423
9198078738
3504936580
2847666012
7307401605
7604278420
3226793184
4282175266
7755713621
9113529808
1042816291
6045725944
5857787366
8585912607
1593310500
8029229103
3542794095
6391049613
5446129828
2646904094
4888824475
1617976847
6583680873
7527327093